clf;clc;clear;

Loss_no_mean = [4.01253467e+02 3.25732177e+02 2.65049620e+02 2.15100415e+02
 1.73735856e+02 1.41896023e+02 1.14483213e+02 9.17089599e+01
 7.44598290e+01 6.02285481e+01 4.86011815e+01 3.99340311e+01
 3.20050097e+01 2.58414169e+01 2.06873244e+01 1.68214355e+01
 1.35178417e+01 1.11230951e+01 9.00300827e+00 7.20071793e+00
 5.81569018e+00 4.76744578e+00 3.92612210e+00 3.21073103e+00
 2.61820008e+00 2.12271163e+00 1.68558095e+00 1.40027133e+00
 1.12962480e+00 9.59222408e-01 7.97239270e-01 6.26786687e-01
 4.93677863e-01 4.53711961e-01 3.63987364e-01 3.48408426e-01
 2.84499828e-01 2.71714989e-01 2.81724873e-01 2.49240138e-01
 1.66499781e-01 1.51412884e-01 1.29931965e-01 1.07293699e-01
 9.51059502e-02 9.60512690e-02 1.17566251e-01 1.45589061e-01
 1.60571678e-01 1.01127445e-01 8.67914293e-02 8.55888116e-02
 7.94455936e-02 5.99215759e-02 6.11363626e-02 8.28403284e-02
 7.11762300e-02 7.41432030e-02 1.55599576e-01 1.42239879e-01
 1.99044233e-01 1.35656183e-01 1.79371646e-01 2.17222588e-01
 2.27417758e-01 1.46723069e-01 1.09499667e-01 1.38122963e-01
 1.05387783e-01 1.11333110e-01 2.10569425e-01 1.33446628e-01
 1.17376211e-01 1.35516906e-01 1.26434767e-01 1.81333435e-01
 9.80766026e-02 1.76576081e-01 1.56822723e-01 1.45554152e-01
 1.00573642e-01 9.60733619e-02 1.21689657e-01 8.65288933e-02
 9.67205431e-02 6.69583832e-02 5.55947679e-02 1.47711420e-01
 1.96652037e-01 1.09339841e-01 1.45849215e-01 1.33822374e-01
 1.66705358e-01 3.19472897e-01 3.17477706e-01 1.99676899e-01
 1.46824530e-01 1.23935004e-01 1.25721208e-01 1.56628760e-01
 2.31583675e-01 1.71812202e-01 2.37122734e-01 1.65272206e-01
 1.74677784e-01 1.13757053e-01 1.00801256e-01 1.08263701e-01
 9.62366766e-02 1.02330455e-01 1.18233737e-01 7.40155066e-02
 9.38709437e-02 8.12706421e-02 6.61008825e-02 1.14294642e-01
 9.97508435e-02 9.19669298e-02 1.60326839e-01 8.07648502e-02
 8.00138715e-02 1.50389964e-01 1.44793911e-01 9.99177502e-02
 1.64240367e-01 1.61577839e-01 1.52746308e-01 1.58877322e-01
 9.66292797e-02 1.31211807e-01 8.97656632e-02 1.18611453e-01
 9.21412363e-02 9.71044488e-02 1.08266480e-01 9.33102020e-02
 1.60063585e-01 8.71690919e-02 1.23270382e-01 1.01693636e-01
 9.74545915e-02 1.87830723e-01 9.52311116e-02 1.02158304e-01
 9.31344467e-02 2.20950138e-01 2.21539947e-01 1.38145381e-01
 1.24232216e-01 9.47843074e-02 7.63072021e-02 8.31849883e-02
 8.83632716e-02 4.78118162e-02 1.02721896e-01 8.40647647e-02
 1.29502628e-01 6.70751887e-02 7.69105149e-02 8.21924933e-02
 1.33477969e-01 1.44187341e-01 1.73182729e-01 1.31827794e-01
 1.02903615e-01 7.34284005e-02 7.97933378e-02 8.59579113e-02
 7.68568229e-02 1.12184338e-01 1.15211529e-01 9.56606815e-02
 8.07732433e-02 9.31233041e-02 9.99789285e-02 7.65976714e-02
 9.64008214e-02 7.88550759e-02 1.31478096e-01 1.35390462e-01
 1.43675170e-01 1.24288861e-01 7.92265043e-02 8.66535143e-02
 1.14367527e-01 1.18630423e-01 9.56405459e-02 1.12743094e-01
 9.00465740e-02 8.78300758e-02 1.11015473e-01 9.16388111e-02
 9.97702581e-02 1.13137977e-01 9.93318342e-02 1.41882923e-01
 1.01607437e-01 1.25244508e-01 1.27883521e-01 1.04363427e-01
 1.06499138e-01 9.62673552e-02 7.95211080e-02 1.49081167e-01
 1.44200595e-01 1.12270110e-01 1.91783471e-01 1.98506134e-01
 1.42233273e-01 1.90382018e-01 8.17450054e-02 9.77365535e-02
 9.86180291e-02 3.31698963e-01 1.29923344e-01 1.20433530e-01
 1.35089726e-01 1.04936348e-01 1.31068280e-01 1.39107987e-01
 9.01380243e-02 1.60645159e-01 9.63062440e-02 1.27070518e-01
 1.07726677e-01 1.07839693e-01 7.84188681e-02 1.07182555e-01
 1.26608388e-01 1.06337265e-01 1.14261553e-01 9.97351663e-02
 8.33996431e-02 4.89268666e-02 4.27097125e-02 7.06483438e-02
 6.14339844e-02 1.05514816e-01 1.52864702e-01 1.60393291e-01
 2.09456213e-01 1.70375658e-01 1.46252981e-01 1.05366675e-01
 1.10202339e-01 1.02281575e-01 1.02941022e-01 1.12946863e-01
 1.04828115e-01 1.49868308e-01 1.45517157e-01 9.97854829e-02
 6.49723857e-02 7.26538062e-02 8.87482041e-02 1.12663280e-01
 1.25608248e-01 1.03972186e-01 1.08185588e-01 1.57860705e-01
 1.01977678e-01 9.77350786e-02 1.52068293e-01 1.26180751e-01
 1.10603767e-01 8.36264146e-02 1.00697624e-01 1.03660153e-01
 1.02962642e-01 1.05650918e-01 8.18814942e-02 6.95189432e-02
 6.71959336e-02 9.73455126e-02 6.85428231e-02 5.76682241e-02
 1.12034432e-01 8.64843858e-02 1.07467205e-01 1.22137387e-01
 1.28096159e-01 7.58285300e-02 9.20237601e-02 9.89622511e-02
 9.53021029e-02 8.92039463e-02 8.33527671e-02 1.00359804e-01
 1.01330431e-01 7.33141014e-02 7.01656701e-02 6.63768671e-02
 7.00415372e-02 9.06235153e-02 1.51176158e-01 1.47610460e-01
 1.68068778e-01 1.39745050e-01 1.34098400e-01 1.37177134e-01
 1.41375438e-01 1.39462612e-01 1.54726119e-01 1.54975986e-01
 1.44755387e-01 1.45199050e-01 1.35527442e-01 1.15322485e-01
 1.07394863e-01 9.01380473e-02 7.52583364e-02 8.05465386e-02
 5.35383225e-02 5.93263034e-02 9.41563810e-02 1.05402557e-01
 7.04612595e-02 7.83842392e-02 7.10664604e-02 4.91227117e-02
 2.07855516e-01 1.20603789e-01 2.13061714e-01 2.15323741e-01
 9.94388326e-02 1.46639396e-01 1.22664144e-01 1.60646984e-01
 1.19882883e-01 1.10990621e-01 1.39945816e-01 1.95546920e-01
 1.16224636e-01 1.75456652e-01 1.32241602e-01 1.32930417e-01
 1.16530065e-01 9.25103195e-02 1.39692352e-01 1.07886807e-01
 7.81946254e-02 6.30538226e-02 5.68623168e-02 6.32443400e-02
 6.63035790e-02 8.48719063e-02 7.69750125e-02 1.10359885e-01
 1.02951478e-01 1.10793367e-01 1.03382921e-01 9.60560098e-02
 1.04756621e-01 8.88096398e-02 6.59621189e-02 7.49597937e-02
 1.08190137e-01 9.60520289e-02 8.65601143e-02 8.57677993e-02
 8.49180051e-02 9.53459503e-02 8.62663487e-02 8.96724839e-02
 8.44080916e-02 1.00225791e-01 1.35131910e-01 1.45213586e-01
 1.15035342e-01 9.38423556e-02 1.30314745e-01 7.98107972e-02
 1.24148193e-01 1.94567721e-01 1.72310221e-01 9.37059821e-02
 1.39415432e-01 8.43437093e-02 8.77231357e-02 9.22613545e-02
 9.07225551e-02 1.11603948e-01 7.30979173e-02 9.45760903e-02
 1.34138932e-01 1.77475323e-01 1.80817918e-01 1.71553029e-01
 9.62147790e-02 1.14132709e-01 1.65213315e-01 1.52205326e-01
 1.72551296e-01 9.05798549e-02 1.42109362e-01 1.52428762e-01
 8.74523258e-02 1.30700997e-01 1.00192579e-01 9.41526890e-02
 8.28525453e-02 9.30057238e-02 7.02352184e-02 8.19389899e-02
 9.53840225e-02 8.95705117e-02 8.94605263e-02 7.60693819e-02
 1.02910154e-01 1.20332822e-01 1.29874862e-01 1.08753045e-01
 8.53162797e-02 1.37319834e-01 9.98445332e-02 6.18670948e-02
 8.36618010e-02 8.07827925e-02 1.06617826e-01 1.21965331e-01
 1.67026284e-01 1.81146948e-01 1.52665964e-01 2.29773206e-01
 2.47602037e-01 1.29910282e-01 1.03076475e-01 1.28656879e-01
 7.99220256e-02 1.85131549e-01 1.08052143e-01 7.58863597e-02
 1.49272023e-01 2.18877819e-01 1.42982830e-01 1.99119092e-01
 2.21281067e-01 1.49979796e-01 1.39820030e-01 1.58318871e-01
 1.68752300e-01 1.67434710e-01 1.11149944e-01 9.26841545e-02
 8.98922001e-02 5.97860496e-02 6.12442118e-02 6.86651208e-02
 8.68103695e-02 6.82873881e-02 6.29061300e-02 7.12856167e-02
 1.21064735e-01 1.50749382e-01 9.71652643e-02 1.27471807e-01
 8.90426909e-02 2.37755291e-01 1.48114415e-01 1.08831014e-01
 1.33040320e-01 1.04798994e-01 1.31765533e-01 1.77951578e-01
 1.45231720e-01 2.19451113e-01 3.83003955e-01 1.57097844e-01
 1.82210719e-01 1.94452588e-01 2.09569672e-01 1.31550726e-01
 7.17543423e-02 1.09231795e-01 9.24410699e-02 1.11290768e-01
 1.44773037e-01 1.71584323e-01 2.32135668e-01 2.68942272e-01
 1.97302968e-01 2.32233069e-01 1.83840722e-01 2.81649398e-01
 2.44794952e-01 2.45847796e-01 2.25536161e-01 2.76278234e-01
 2.79749384e-01 1.92758812e-01 3.06921479e-01 2.34563951e-01
 1.37353988e-01 1.42688144e-01 1.46609951e-01 1.73098930e-01
 1.27247497e-01 1.50146664e-01 1.22134236e-01 1.23318159e-01]
