clf;clc;clear;


Loss_no_mean = [4.22572213e+02 3.30290040e+02 2.75177485e+02 2.23265604e+02
 1.75994219e+02 1.41799516e+02 1.15396489e+02 9.07756476e+01
 7.62727356e+01 5.84270467e+01 4.78389915e+01 4.12553596e+01
 3.24742989e+01 2.67214142e+01 2.43023710e+01 1.99525321e+01
 1.36207159e+01 1.18345612e+01 7.74684236e+00 6.62759448e+00
 4.66923517e+00 4.57843527e+00 3.75857980e+00 2.58766844e+00
 2.07303240e+00 1.47607659e+00 9.61472236e-01 7.17279960e-01
 5.75204033e-01 5.96556201e-01 6.71402450e-01 4.37371957e-01
 5.61160496e-01 3.53784692e-01 1.37242769e-01 8.77515115e-02
 1.86770413e-02 1.92005403e-01 2.32680046e-02 1.01361628e-02
 3.82163441e-02 5.02275301e-02 1.85009111e-01 1.81353596e-01
 8.65395768e-02 2.87299265e-01 5.69247486e-02 2.73270974e-04
 4.99913276e-02 1.18816856e-01 4.09671529e-02 1.67872413e-03
 2.23530523e-03 5.28324970e-06 8.99746553e-02 6.71506078e-02
 7.86489001e-02 4.00639882e-02 1.66432355e-03 2.55642772e-02
 7.34057991e-05 5.56318328e-02 4.90047784e-02 1.80225337e-01
 7.32620231e-02 2.21446982e-01 6.59816770e-02 5.10163255e-03
 1.35488864e-02 4.45086682e-03 1.37825657e-02 1.22063771e-01
 2.72624983e-03 1.95373135e-03 7.58491497e-03 1.12210637e-03
 1.16736394e-03 4.06299722e-02 4.65880466e-03 1.43513086e-03
 5.81924618e-03 1.15858422e-03 3.94085114e-02 1.22507830e-02
 3.18075314e-02 1.69559488e-01 3.02784950e-02 1.01128599e-02
 8.39666970e-02 9.87003705e-03 1.10114673e-03 3.05157879e-03
 8.00627299e-07 6.60764058e-02 4.03365423e-02 3.94690962e-02
 1.13783593e-03 4.50363854e-02 1.54569042e-02 3.27986573e-05
 1.68988425e-02 1.13577711e-02 6.59270145e-02 2.09896882e-02
 1.44013339e-05 1.38573215e-02 2.15646443e-02 4.57091583e-05
 3.63654727e-02 2.65290939e-02 1.17375922e-01 1.21605151e-02
 1.41368089e-01 1.33202310e-01 1.87475573e-02 2.26266722e-03
 7.68511977e-02 5.67274762e-02 2.44236415e-02 4.81770114e-02
 2.99561666e-02 5.14370493e-03 3.31557715e-03 1.55044979e-02
 3.96654431e-02 8.68843214e-02 1.00408847e-01 1.57447808e-01
 5.82953217e-02 8.42081083e-02 1.81878387e-01 2.27700992e-02
 3.81536132e-01 8.38421635e-02 1.73663677e-01 2.78165410e-02
 1.40479250e-03 1.01578754e-02 2.24012568e-02 2.44070496e-02
 3.52104713e-02 2.91515157e-05 5.26111184e-04 2.19912918e-03
 1.54777066e-02 1.28498754e-02 3.06356125e-02 2.57616114e-03
 2.97842043e-06 6.12595874e-02 7.93126291e-03 2.99689614e-02
 6.11713430e-04 2.14642245e-03 3.90336884e-03 9.50535567e-04
 4.83438237e-02 5.53954140e-02 4.39909839e-03 1.20013046e-02
 3.42359074e-03 5.70421434e-04 1.62510336e-04 1.77078054e-02
 2.03709031e-02 4.65120733e-02 1.13646694e-02 2.30689131e-06
 4.36760004e-03 6.53218085e-02 5.18845933e-03 9.80640633e-03
 6.18768117e-03 4.25644430e-02 2.21368949e-02 3.96199338e-02
 2.13834524e-03 1.53205158e-02 2.29468103e-02 2.14337022e-04
 1.03887264e-03 1.08800496e-06 1.27617060e-03 6.48538629e-03
 2.04467194e-03 1.08349224e-02 1.25145191e-04 7.78825191e-03
 6.04001858e-04 2.95485655e-02 2.24831806e-02 2.00121587e-03
 2.14930104e-02 5.59597779e-02 1.70974287e-02 8.60600804e-03
 2.14553245e-02 3.93064749e-03 1.43428103e-02 3.89096290e-02
 1.56979885e-04 3.14797391e-02 2.54046087e-02 4.28880683e-03
 3.26092226e-02 8.48520313e-03 3.65421500e-03 3.13647666e-03
 7.33024893e-02 8.91080305e-02 1.71778191e-04 1.97620050e-01
 2.70004309e-02 2.07484895e-02 2.64532038e-04 2.16170554e-02
 3.46387507e-02 1.02451309e-01 1.09121407e-01 1.23917271e-02
 1.02885257e-02 3.45749762e-02 2.62599414e-02 1.19854898e-01
 7.09585510e-03 9.45366900e-03 9.69685769e-04 7.92119719e-03
 1.76907654e-02 1.70018471e-02 2.82491686e-03 4.34307820e-03
 2.02295538e-03 5.44517062e-02 7.37242853e-03 3.27802021e-03
 7.17606004e-04 1.62652015e-01 3.91671524e-04 4.25177763e-03
 3.14492025e-02 1.72178181e-01 6.84420830e-02 2.21547485e-02
 3.36431594e-02 1.12856377e-01 3.96439825e-02 2.45335111e-01
 9.15765629e-02 8.44608580e-03 1.98769458e-02 2.18345090e-04
 7.31464079e-05 3.16718320e-03 2.32532438e-02 1.29257807e-02
 3.57423586e-04 1.37765075e-03 4.53409434e-02 1.46887793e-02
 8.64895871e-03 1.71224219e-03 2.16531762e-02 6.38345509e-02
 1.20499908e-06 4.13676796e-02 5.20460578e-02 1.49865351e-02
 1.52792493e-05 3.31562694e-02 7.76575791e-02 2.44894937e-02
 4.46583057e-02 5.58213237e-04 1.70554398e-02 1.38565153e-02
 7.61641554e-05 2.47993859e-03 1.29900890e-02 4.88485259e-02
 2.95721352e-03 1.49654595e-02 2.48567727e-03 2.43881666e-02
 8.52505578e-02 3.91270891e-02 9.96771364e-04 2.60835888e-01
 1.42113780e-02 1.82824037e-02 3.06527774e-02 2.02401218e-02
 8.84045433e-05 1.71940544e-02 7.38727727e-02 4.17911468e-02
 1.16849469e-01 3.86876292e-02 1.08094354e-02 2.54494759e-02
 4.88602096e-02 2.51432566e-02 3.25051152e-03 5.42373875e-04
 5.21194492e-02 1.49302662e-01 1.17693357e-02 4.65493783e-03
 7.14231302e-03 1.85277087e-02 3.07517866e-02 1.08886137e-02
 6.16332286e-05 1.19860298e-02 8.82369359e-03 3.28275634e-03
 7.82459998e-03 8.81987161e-02 1.89343641e-02 2.22001918e-02
 1.23736060e-03 1.11406929e-03 1.46287192e-02 1.98371632e-02
 3.13332146e-02 6.69514357e-02 3.11449510e-03 2.39103667e-04
 8.69439996e-03 6.19563164e-04 2.13073804e-02 5.73517891e-03
 7.64956525e-03 3.95436517e-02 1.77459816e-02 1.06867184e-02
 2.34201417e-02 7.86995220e-03 1.57518314e-02 2.60540883e-02
 7.34235672e-04 1.57188877e-03 1.16095309e-01 1.07783173e-04
 4.06687394e-02 2.70498386e-02 3.10078315e-02 1.55455656e-02
 6.19128050e-03 1.48437685e-02 2.07895401e-02 5.68193448e-02
 6.80138992e-02 1.33383743e-04 7.93032241e-02 2.35453847e-02
 6.34891292e-03 1.78248743e-02 3.84798592e-02 6.65898984e-02
 1.87757882e-02 4.91811156e-02 4.39635519e-02 2.93345298e-02
 2.82486411e-03 8.65082696e-03 2.00890382e-02 1.72687083e-02
 7.46947520e-03 4.73737788e-03 3.92851462e-03 2.13589698e-02
 3.52950413e-04 2.21130871e-02 1.66390359e-03 2.72947833e-02
 1.30678811e-02 1.70209444e-02 6.92891907e-05 3.47271679e-02
 4.41351517e-03 7.45523810e-03 5.66423928e-02 1.54765737e-02
 1.71939116e-02 9.86109721e-02 6.47325655e-02 1.73640892e-03
 2.59933926e-02 5.73834909e-02 6.27803469e-03 2.78247613e-02
 4.72906435e-02 1.04385180e-02 9.84215788e-03 8.79239295e-03
 9.16151966e-03 8.57823954e-04 5.46470465e-06 3.13263780e-03
 1.80158094e-03 7.07510894e-03 8.83324284e-03 1.44587100e-08
 1.24297937e-02 1.78861540e-03 1.31893578e-03 7.92090683e-03
 1.76233510e-03 3.11270029e-03 3.50613800e-02 4.54930706e-02
 3.18972993e-02 1.61710887e-04 1.04298540e-01 1.22106689e-01
 1.08335116e-01 5.43557032e-02 1.46898956e-02 5.36223384e-02
 1.79243089e-02 1.55503317e-05 1.27381108e-02 3.36231005e-02
 4.38339763e-02 7.48695508e-02 1.36761119e-01 2.88569163e-02
 2.47786677e-01 8.61787639e-02 1.25269419e-02 2.09250392e-02
 3.36637811e-01 6.07790002e-02 2.06660622e-02 3.63718977e-02
 8.17762905e-03 2.11665154e-03 2.74969299e-02 7.06144815e-02
 1.95553975e-02 4.05535980e-02 4.97493467e-02 1.22368449e-02
 8.85843110e-03 7.65006366e-05 4.31470501e-02 3.23087100e-04
 6.75557130e-03 1.52784901e-03 2.07918056e-03 1.17393356e-02
 6.22216299e-03 2.41241563e-02 8.86341649e-03 8.77330367e-02
 9.54713574e-05 4.06241037e-02 2.44796762e-03 1.25705028e-01
 1.50742122e-01 3.39940310e-01 3.23703528e-02 8.75298919e-02
 1.00541806e-02 4.02563957e-02 2.08805476e-03 1.30784171e-02
 3.52051255e-02 5.33979396e-04 6.64718025e-02 3.35841813e-02
 2.87184155e-01 1.62634922e-01 9.86332047e-02 7.81310192e-02
 4.79519702e-02 1.12485215e-03 1.31108080e-01 1.21675114e-01
 5.13250875e-03 1.08775123e-01 3.76494790e-02 1.67443679e-01
 5.77210936e-02 1.06695873e-01 9.54461594e-05 4.56518424e-03
 1.03532147e-04 1.96012806e-03 9.55741169e-03 1.07573780e-02
 2.91760447e-03 3.97880184e-03 1.69873689e-02 8.25297467e-03
 6.85092826e-03 3.25683286e-02 5.52942700e-03 1.02112771e-02]
