clf;clc;clear;

Loss_no_mean = [4.04830460e+02 3.33127131e+02 2.66027323e+02 2.15141264e+02
 1.75582025e+02 1.42801420e+02 1.15220500e+02 9.31276573e+01
 7.59664436e+01 6.17194569e+01 5.01411122e+01 4.04756723e+01
 3.24455704e+01 2.62363076e+01 2.14313475e+01 1.73457518e+01
 1.39391744e+01 1.14112552e+01 9.37294900e+00 7.67946537e+00
 5.98548704e+00 5.01402325e+00 4.05019485e+00 3.14864465e+00
 2.68146435e+00 2.16771838e+00 1.77192891e+00 1.37911836e+00
 1.19849011e+00 9.41985748e-01 8.67666730e-01 6.80202015e-01
 6.44687202e-01 5.98524280e-01 5.25714665e-01 3.88491926e-01
 3.06001871e-01 2.94594513e-01 2.15761895e-01 1.76984949e-01
 2.76918216e-01 1.94281245e-01 1.60759299e-01 1.56897316e-01
 1.43194637e-01 1.96341261e-01 1.18343535e-01 1.82095608e-01
 1.53906684e-01 1.57280127e-01 1.12991728e-01 9.31224679e-02
 1.27287493e-01 7.74040894e-02 9.24657085e-02 5.33382420e-02
 4.71177303e-02 1.49128321e-01 2.19347748e-01 1.09988787e-01
 1.50241100e-01 1.37398828e-01 1.88985568e-01 3.67721487e-01
 3.68263212e-01 2.31504688e-01 1.66646280e-01 1.30897999e-01
 1.37714296e-01 1.90277393e-01 2.69378049e-01 2.03409129e-01
 2.85529491e-01 1.95811469e-01 2.01186745e-01 1.28969892e-01
 1.18288867e-01 1.18249044e-01 1.05794132e-01 1.07734066e-01
 1.27738472e-01 6.89801257e-02 9.75166716e-02 8.65521143e-02
 6.69324983e-02 1.27056340e-01 1.10718021e-01 1.04081099e-01
 1.82968931e-01 8.72084112e-02 9.05035181e-02 1.61800026e-01
 1.76018436e-01 1.05800014e-01 1.89386840e-01 1.82790910e-01
 1.83351839e-01 1.79808128e-01 1.13600318e-01 1.44261385e-01
 9.56065227e-02 1.24003334e-01 1.13776234e-01 1.04270853e-01
 1.34230853e-01 9.94580419e-02 1.91849663e-01 1.07095088e-01
 1.42906012e-01 1.10854851e-01 1.10894934e-01 2.25594343e-01
 1.05132057e-01 1.07981354e-01 9.19396906e-02 2.61478891e-01
 2.53237826e-01 1.59468711e-01 1.36799131e-01 1.02316738e-01
 8.25865567e-02 8.34862143e-02 9.14185946e-02 4.64984187e-02
 1.22315501e-01 9.41666635e-02 1.50836996e-01 6.47522127e-02
 8.30820352e-02 8.57418007e-02 1.45903825e-01 1.69688092e-01
 2.04286757e-01 1.64690329e-01 1.14498285e-01 7.42026624e-02
 8.39397092e-02 9.28796912e-02 8.72418533e-02 1.23077534e-01
 1.18991235e-01 9.01450779e-02 7.49641971e-02 9.97238782e-02
 1.01207838e-01 7.19879478e-02 9.72732223e-02 6.75753513e-02
 1.45875799e-01 1.51267374e-01 1.76075747e-01 1.48476703e-01
 8.10094351e-02 9.29108438e-02 1.24678761e-01 1.31365832e-01
 9.32155291e-02 1.20938513e-01 1.01966706e-01 9.61673567e-02
 1.13985486e-01 7.95130441e-02 1.02708315e-01 1.13314261e-01
 1.00100544e-01 1.52377422e-01 1.05205276e-01 1.25133591e-01
 1.35947624e-01 1.17338986e-01 1.08779920e-01 9.76480860e-02
 6.98191119e-02 1.73596475e-01 1.55021545e-01 1.24498377e-01
 2.15817688e-01 2.24174711e-01 1.60259674e-01 2.14648354e-01
 8.73949621e-02 9.72611282e-02 1.06021834e-01 3.90324715e-01
 1.50358600e-01 1.32077359e-01 1.54943990e-01 1.17527402e-01
 1.51158995e-01 1.62590608e-01 9.58765660e-02 1.88865156e-01
 1.01076362e-01 1.23237637e-01 9.29739011e-02 1.05428059e-01
 6.97109523e-02 1.07909577e-01 1.24742805e-01 1.00777987e-01
 1.18208549e-01 9.62065342e-02 9.21699117e-02 5.37675504e-02
 4.28611316e-02 7.76486920e-02 6.59015899e-02 1.19484739e-01
 1.69694823e-01 1.91365930e-01 2.48259068e-01 2.07795036e-01
 1.61984444e-01 1.02639364e-01 1.16673665e-01 1.07170114e-01
 1.17107474e-01 1.23053300e-01 1.22530920e-01 1.67474358e-01
 1.64143664e-01 1.03953123e-01 7.51869294e-02 7.52808760e-02
 9.51365921e-02 1.26020586e-01 1.38040462e-01 1.20633243e-01
 1.16278906e-01 1.81676403e-01 1.26478125e-01 1.10210396e-01
 1.75468791e-01 1.47068377e-01 1.27089116e-01 9.54118573e-02
 1.13837598e-01 1.23080292e-01 1.15494984e-01 1.11741174e-01
 8.27207268e-02 6.72673370e-02 7.90008763e-02 1.05015668e-01
 7.45910407e-02 5.40516854e-02 1.31343850e-01 9.33163165e-02
 1.21969466e-01 1.46143976e-01 1.55928834e-01 8.30701590e-02
 1.00261026e-01 1.12791848e-01 1.12953259e-01 9.75592398e-02
 1.00855121e-01 1.12009816e-01 1.02802418e-01 7.41992970e-02
 6.86441531e-02 6.38987717e-02 7.07319077e-02 9.78822242e-02
 1.72174030e-01 1.69624791e-01 1.98760744e-01 1.60595473e-01
 1.65398695e-01 1.58202844e-01 1.55227768e-01 1.54551668e-01
 1.81851135e-01 1.95206993e-01 1.62334036e-01 1.53615684e-01
 1.46516383e-01 1.34079490e-01 1.16652638e-01 8.49982209e-02
 6.99522036e-02 8.88833570e-02 5.27555954e-02 5.79571899e-02
 1.05816503e-01 1.14405417e-01 7.25611322e-02 9.25085162e-02
 8.77932925e-02 5.76636966e-02 2.50067703e-01 1.43413654e-01
 2.53838479e-01 2.60868059e-01 1.04579087e-01 1.72878404e-01
 1.40383444e-01 1.97770461e-01 1.33724194e-01 1.19882189e-01
 1.62124450e-01 2.31263657e-01 1.30408420e-01 2.02980379e-01
 1.44620994e-01 1.54974926e-01 1.20204541e-01 9.56602314e-02
 1.46970581e-01 1.15841720e-01 8.45122937e-02 5.72670878e-02
 4.50327596e-02 6.52744705e-02 6.51983539e-02 9.02686144e-02
 7.37759151e-02 1.07633905e-01 9.61618798e-02 9.29431091e-02
 8.73933945e-02 8.18944574e-02 9.47883514e-02 9.05998294e-02
 6.72640667e-02 6.46972211e-02 9.98562615e-02 9.64665999e-02
 8.51937321e-02 7.13452405e-02 7.85533087e-02 9.44362047e-02
 9.10701687e-02 9.42897399e-02 8.88624594e-02 1.16775845e-01
 1.51916978e-01 1.69191053e-01 1.28659679e-01 9.85461494e-02
 1.51638572e-01 8.47454231e-02 1.35688386e-01 2.22110206e-01
 1.92719596e-01 1.02348973e-01 1.57647138e-01 9.42225835e-02
 1.06463017e-01 1.02928333e-01 1.13152729e-01 1.32316758e-01
 8.44916469e-02 1.14749512e-01 1.64569052e-01 2.29397873e-01
 1.98844543e-01 1.96876424e-01 1.02458571e-01 1.28984877e-01
 1.89076947e-01 1.59054032e-01 1.79639021e-01 9.25925558e-02
 1.48484311e-01 1.72336407e-01 8.03688256e-02 1.27064436e-01
 1.03277757e-01 9.91754735e-02 8.52186966e-02 9.05152013e-02
 7.29882267e-02 9.03421172e-02 1.07995903e-01 1.04900390e-01
 1.00106990e-01 7.69842747e-02 1.11090541e-01 1.43071772e-01
 1.53426013e-01 1.21510160e-01 9.66090086e-02 1.48923963e-01
 1.10610878e-01 6.92214778e-02 9.39177848e-02 8.19238922e-02
 1.09678561e-01 1.33015550e-01 2.00503171e-01 2.09584151e-01
 1.70338058e-01 2.74504294e-01 2.83348425e-01 1.46247446e-01
 1.13535940e-01 1.51495973e-01 8.20323045e-02 2.21058484e-01
 1.24407415e-01 7.61254175e-02 1.71567772e-01 2.55739080e-01
 1.51303226e-01 2.24764699e-01 2.46668136e-01 1.59992934e-01
 1.46254711e-01 1.75931156e-01 1.81305546e-01 1.88429118e-01
 1.21146695e-01 1.07248761e-01 9.79391355e-02 6.90217640e-02
 5.71550734e-02 6.98635636e-02 8.50179091e-02 7.37038948e-02
 6.82254775e-02 7.92370034e-02 1.27480237e-01 1.82407811e-01
 1.03498820e-01 1.44409731e-01 9.99189654e-02 2.85328358e-01
 1.80850219e-01 1.24008921e-01 1.52979860e-01 1.26238401e-01
 1.53436868e-01 2.05732412e-01 1.67840866e-01 2.51857012e-01
 4.51957081e-01 1.74302712e-01 2.14768054e-01 2.19728811e-01
 2.49156671e-01 1.55115411e-01 7.56958954e-02 1.06765102e-01
 9.20594306e-02 1.24490696e-01 1.57369522e-01 1.93029295e-01
 2.40143931e-01 2.99985617e-01 2.23613301e-01 2.58772038e-01
 1.85514418e-01 3.10396380e-01 2.58841261e-01 2.78389259e-01
 2.42277161e-01 3.17691802e-01 3.01774672e-01 2.08116743e-01
 3.68984160e-01 2.67665207e-01 1.35535650e-01 1.66914686e-01
 1.54666748e-01 2.06456666e-01 1.37916395e-01 1.63058942e-01
 1.29851494e-01 1.29068080e-01 1.45537977e-01 2.11048798e-01
 2.21035607e-01 1.16055988e-01 1.90290880e-01 1.43370442e-01
 1.61987450e-01 2.34902119e-01 1.41078460e-01 1.28414097e-01
 1.81215701e-01 1.02271396e-01 9.22843199e-02 1.95298739e-01
 1.10459382e-01 1.03056139e-01 9.68746076e-02 1.30139090e-01
 1.38225899e-01 1.13194165e-01 1.06037132e-01 1.13179217e-01
 1.23027027e-01 9.04914857e-02 1.03852096e-01 1.10306866e-01
 1.00313486e-01 7.76802125e-02 9.93855524e-02 1.02679851e-01]
